x = [0.3 0.4 0.5];
y = [0.2955 0.3894 0.4794];

a = [1 x(1) x(1)^2; 1 x(2) x(2)^2; 1 x(3) x(3)^2];
b= [y(1); y(2); y(3)];
solu = a\b;

p2 = solu(1) + solu(2)*0.33 + solu(3)*0.33^2