x = [0.3 0.4 0.5];
y = [0.2955 0.3894 0.4794];

a = [1 x(1); 1 x(3)];
b = [y(1); y(3)];
solu = a\b;
 
p1 = solu(1) + solu(2)*0.33