x1 = [-3 -2 0 1 3 5];
x2 = [1 2 4 5 8 9];
y1 = [13 18 22 27 36 39];

[b, r2, s2, ALCc, info] = regressao_linear_en(1,[x1', x2'],y1)

