x = [-20 20 100 200 300];
y = [13.645 13.546 13.352 13.115 12.881];
t = 25 ;

a = [1 x(1) x(1)^2; 1 x(2) x(2)^2; 1 x(3) x(3)^2];
b = [y(1);y(2);y(3)];
solu = a\b;

valor = solu(1) + solu(2)*t + solu(3)*t^2